[[5, 0, 17, 0, 42, 17, 2, 5, 4, 1, 27, 2], //rt-om
 [73, 132, 56, 540, 28, 42, 265, 93, 38, 72, 118, 20],//rt-tnm
 [42, 30, 36, 323, 19, 26, 122, 2, 64, 62, 60, 23], //rt-tm
 [0, 1, 0, 9, 1, 0, 2, 2, 1, 1, 3, 0], //None
 [36, 17, 49, 127, 46, 9, 164, 52, 41, 28, 77, 46], //rt-q
 [37, 36, 136, 15, 1, 15, 0, 23, 24, 72, 24, 9]] //rt-nm



[[0, 136, 540, 323, 127, 9], //mt-fg
 [5, 15, 265, 122, 164, 2], //mt-sog
 [17, 36, 132, 62, 49, 1], //mt-id
 [42, 1, 72, 19, 9, 0], //mt-cad
 [4, 23, 93, 64, 52, 2], //mt-pe
 [1, 24, 118, 26, 28, 1], //mt-nid
 [17, 37, 56, 36, 46, 0], //mt-cd
 [0, 0, 28, 2, 17, 0],//mt-cf
 [27, 72, 42, 60, 77, 3], //mt-csog
 [2, 24, 38, 30, 41, 1], //mt-hr
 [5, 15, 73, 42, 36, 1], //mt-int
 [2, 9, 20, 23, 46, 0]] //mt-fp